G=6.67e-11;
